%YAML:1.0
image_width: 640
image_height: 480
camera_matrix: !!opencv-matrix
   rows: 3
   cols: 3
   dt: d
   data: [ 6.2622874106096026e+02, 0., 3.3328890516505777e+02, 0.,
       6.3291219884418365e+02, 2.6833456710940709e+02, 0., 0., 1. ]
distortion_coefficients: !!opencv-matrix
   rows: 1
   cols: 5
   dt: d
   data: [ -5.8621080661579297e-02, 1.5716842331479289e-01,
       1.3404418288896897e-02, -5.0953285627112035e-04,
       -3.5580420450901301e-01 ]
