<?xml version="1.0"?>
<opencv_storage>
<calibration_Time>"Mon Oct 30 14:17:41 2017"</calibration_Time>
<nrOfFrames>25</nrOfFrames>
<image_Width>640</image_Width>
<image_Height>480</image_Height>
<board_Width>9</board_Width>
<board_Height>6</board_Height>
<square_Size>25.</square_Size>
<FixAspectRatio>1.</FixAspectRatio>
<!-- flags:  +fix_aspectRatio +fix_principal_point +zero_tangent_dist -->
<flagValue>14</flagValue>
<Camera_Matrix type_id="opencv-matrix">
  <rows>3</rows>
  <cols>3</cols>
  <dt>d</dt>
  <data>
    7.1984893312514464e+02 0. 3.1950000000000000e+02 0.
    7.1984893312514464e+02 2.3950000000000000e+02 0. 0. 1.</data></Camera_Matrix>
<Distortion_Coefficients type_id="opencv-matrix">
  <rows>5</rows>
  <cols>1</cols>
  <dt>d</dt>
  <data>
    1.1360004304873506e-01 -1.0894931441898466e+00 0. 0.
    3.1214682423649358e+00</data></Distortion_Coefficients>
<Avg_Reprojection_Error>1.2400378982184601e+00</Avg_Reprojection_Error>
<Per_View_Reprojection_Errors type_id="opencv-matrix">
  <rows>25</rows>
  <cols>1</cols>
  <dt>f</dt>
  <data>
    3.57172310e-01 8.40653002e-01 8.84497285e-01 1.00951445e+00
    1.36270857e+00 1.28164423e+00 1.25496376e+00 1.19314063e+00
    9.70202148e-01 2.54551625e+00 1.40536451e+00 1.36151314e+00
    9.22215044e-01 1.01026964e+00 3.24103832e+00 3.77272755e-01
    6.36449754e-01 7.73708820e-01 8.98224890e-01 4.55844760e-01
    5.93267798e-01 6.54448748e-01 8.73602033e-01 9.17581916e-01
    1.06644964e+00</data></Per_View_Reprojection_Errors>
<!-- a set of 6-tuples (rotation vector + translation vector) for each view -->
<Extrinsic_Parameters type_id="opencv-matrix">
  <rows>25</rows>
  <cols>6</cols>
  <dt>d</dt>
  <data>
    -3.4653481778482757e-02 -1.2110898587974847e-01
    -5.8906425805285025e-02 -1.4960696892843487e+02
    -1.1939580395516826e+01 7.1470713671932936e+02
    -4.6741877113844130e-02 -1.7968996009693999e-01
    -6.8609538255691216e-02 -1.4851249931294140e+02
    -6.2704862816959867e+01 7.2739685119934722e+02
    -1.1169965756674978e-01 7.5902911901302161e-01
    -7.1718496045098307e-02 -2.8405555056713023e+00
    -1.2508910794726358e+01 7.9298529817554834e+02
    -1.1550008916886260e-01 8.7998858978946848e-01
    -9.5479939988947909e-02 2.3656772649779718e+01
    -1.2291948675980578e+01 7.9725200892916655e+02
    -2.1496506033000040e-01 -1.0797632767133805e+00
    9.7320774482289277e-02 -1.8153082806121716e+02
    -1.8796589594091994e+01 6.3231669285796534e+02
    -2.2352021356814228e-01 -1.0392992417824871e+00
    1.0083550605733804e-01 -1.8112650941565269e+02
    -1.9477964582621990e+01 6.3469732037254232e+02
    -2.2313647173304338e-01 -1.0160001772141933e+00
    1.0042621654724972e-01 -1.7908187438454601e+02
    -1.8585298283301270e+01 6.3629104179885258e+02
    -2.5573418197774078e-01 -9.3531759702295136e-01
    8.1237213061339672e-02 -1.8127522498187474e+02
    -1.6052837364992637e+01 6.3827570989392177e+02
    -5.6108239632329193e-01 -7.6748711705561412e-01
    -3.2773892271698031e-02 -2.0044206598905168e+02
    1.1598362562686912e+01 6.6392782263054585e+02
    -1.1639159716600589e+00 -3.3032416027301378e-02
    -5.0709501282571706e-02 -9.3064817552376866e+01
    1.0453105718562787e+02 7.8100416385948711e+02
    -1.0947923727188897e+00 -3.5854811578096273e-02
    -6.4983994593825242e-02 -9.4436525408019136e+01
    1.0382659181769702e+02 7.7423196499862252e+02
    -3.1444068176788526e-01 -4.8423157107460708e-02
    -1.4359102912254409e-01 -9.5398555209691665e+01
    4.3729551485505311e+00 7.8466326231920220e+02 7.6445293941508441e-01
    -6.7587110804098859e-03 -5.6986073903305658e-02
    -9.5933615656712519e+01 -9.5384817241166814e+01
    8.1421178724450192e+02 8.2050274027694314e-01
    -8.2435972873350733e-04 -5.3527195979643484e-02
    -9.6131927927661991e+01 -1.0272793336302320e+02
    8.1998548100709331e+02 -5.2707458260264725e-02
    -3.0126950190593332e-01 -1.7692382907101445e-01
    -8.0531458737790103e+01 -4.4498780441815605e+01
    6.9768021927545715e+02 -1.2419886687857028e-01
    -8.6482206579094584e-02 -7.0186089019530051e-01
    -9.3685591675559223e+01 7.1626201863883722e+01
    7.3711984950656904e+02 -5.5565983087278469e-02
    3.2833179842932270e-02 -1.2995044807013112e+00
    -5.4900873911686254e+01 1.6230367715223983e+02
    6.3886268229094003e+02 -6.0620649034652606e-02
    4.9370586519496905e-02 -1.3094445594548829e+00
    -5.2787637628376523e+01 1.4303403126117294e+02
    6.3691514860985819e+02 -8.6340037974787703e-02
    3.5273099849268755e-02 -1.2860429799789688e+00
    -5.4624484966293629e+01 1.3066404886220141e+02
    6.4009887565863653e+02 9.5047820286443298e-03
    -8.0485115222467818e-02 -7.5964123986654031e-02
    3.6262769378986349e+01 -1.6778237910793317e+02
    8.4252915241255346e+02 -3.5396698928878242e-02
    -1.3105111326273022e-01 -3.5358026474832549e-02
    9.6132521580799178e+01 -5.6275350868600874e+01
    8.0665728660833588e+02 -2.0790134391607169e-02
    -1.4840620689197470e-01 -3.9011587371138988e-02
    9.8285609391036047e+01 -4.1123999194635182e+01
    8.0444007835997434e+02 -2.4593915063134991e-02
    -2.0043268216043866e-01 -3.2588569474487274e-02
    1.2779188442099243e+02 3.6707999724009227e+01 8.0107377729425366e+02
    -1.9739309882584960e-02 -1.9715059415063663e-01
    -3.8693048623639474e-02 1.3515354250839684e+02
    5.0962676854567256e+01 8.0513472058721823e+02
    -1.7678411136428940e-01 -8.0234560459363025e-04
    -4.5864256341811023e-02 -2.6973662782277592e+02
    5.7557013273902493e+00 8.5954647930445503e+02</data></Extrinsic_Parameters>
