%YAML:1.0
image_width: 640
image_height: 480
camera_matrix: !!opencv-matrix
   rows: 3
   cols: 3
   dt: d
   data: [ 5.3561398573699853e+02, 0., 3.0322224087700681e+02, 0.,
       5.3551671248013838e+02, 1.9838364524282449e+02, 0., 0., 1. ]
distortion_coefficients: !!opencv-matrix
   rows: 1
   cols: 5
   dt: d
   data: [ -1.7638315085135281e-01, 4.7367704879629202e-01,
       -2.2138124031617482e-02, -7.6096400179595297e-03,
       -5.0875108356522458e-01 ]
